30 x 30 [
1 0 -7.23454 0 0 0 0 0 0 0 0.618121 0 0 9.27527 0 0 0 0 0 0 0 4.57271 0 0 0 0 0 0 0 0 
0 1 0 0 0 0 0 0 0 0 0 0 -0.0922308 0 0 0 0 0 0 0 0 0 0 0 0 0 0 0 6.50454 0 
-7.23454 0 1 -4.71036 0 0 0 0 0 0 0 0 0 0 0 0 0 0 0 0 0 0 0 0 2.86068 0 -4.03371 0 0 0 
0 0 -4.71036 1 0 0 0 0 0 -4.39003 8.68015 0 0 0 0 0 0 0 3.15318 0 0 0 -4.22754 0 0 0 5.23109 0 0 0 
0 0 0 0 1 1.70604 0 0 0 0 0 0 0 0 0 0 0 0 0 0 0 0 0 2.27059 0 0 0 3.77543 0 0 
0 0 0 0 1.70604 1 -2.48845 0 0 0 9.12882 0 0 0 0 0 0 0 -1.20081 0 0 0 0 0 0 0 0 0 0 0 
0 0 0 0 0 -2.48845 1 0 0 0 0 -8.68072 0 0 0 0 0 0 0 0 0 0 0 0 0 0 0 0 0 0 
0 0 0 0 0 0 0 1 4.17736 0 0 0 0 0 6.32108 0 0 9.2941 0 3.85586 0 0 0 0 7.96426 0 0 0 0 0.422609 
0 0 0 0 0 0 0 4.17736 1 0 0 0 0 0 0 0 -5.12727 0 0 0 0 0 0 0 0 0 0 0 0 -4.98358 
0 0 0 -4.39003 0 0 0 0 0 1 0 0 0 0 0 3.78973 0 0 0 0 0 0 0 0 0 0 -0.141853 0 0 0 
0.618121 0 0 8.68015 0 9.12882 0 0 0 0 1 0 -1.20877 0 0 -3.34127 0 0 0 0 0 0 0 0 0 0 0 0 -9.35149 5.03261 
0 0 0 0 0 0 -8.68072 0 0 0 0 1 0 0 0 0 0 0 0 0 0 0 0 0 0 0 0 0 0 0 
0 -0.0922308 0 0 0 0 0 0 0 0 -1.20877 0 1 0 0 0 0 0 0 0 0 0 0 0 0 0 0 0 0 1.88574 
9.27527 0 0 0 0 0 0 0 0 0 0 0 0 1 0 0 0 0 0 -0.374946 0 -2.8089 0 3.42577 0 0 0 0 0 0 
0 0 0 0 0 0 0 6.32108 0 0 0 0 0 0 1 0 0 0 0 0 -4.5684 0 0 0 0 0 0 0 0 0 
0 0 0 0 0 0 0 0 0 3.78973 -3.34127 0 0 0 0 1 0 0 2.55887 0 0 0 0 0 0 0 0 0 0 0 
0 0 0 0 0 0 0 0 -5.12727 0 0 0 0 0 0 0 1 0 0 0 0 0 0 1.44344 0 0 0 0 0 -9.19909 
0 0 0 0 0 0 0 9.2941 0 0 0 0 0 0 0 0 0 1 0 0 0 0 0 0 0 0 0 0 0 0 
0 0 0 3.15318 0 -1.20081 0 0 0 0 0 0 0 0 0 2.55887 0 0 1 5.28325 0 0 0 0 0 0 0 0 1.29262 0 
0 0 0 0 0 0 0 3.85586 0 0 0 0 0 -0.374946 0 0 0 0 5.28325 1 0 0 0 0 0 0 0 0 0 0 
0 0 0 0 0 0 0 0 0 0 0 0 0 0 -4.5684 0 0 0 0 0 1 0 0 0 -3.10327 6.15491 0 0 0 0 
4.57271 0 0 0 0 0 0 0 0 0 0 0 0 -2.8089 0 0 0 0 0 0 0 1 3.91662 0 -4.79076 -4.64517 0 5.9023 0 0 
0 0 0 -4.22754 0 0 0 0 0 0 0 0 0 0 0 0 0 0 0 0 0 3.91662 1 0 0 0 -3.65164 0 0 0 
0 0 0 0 2.27059 0 0 0 0 0 0 0 0 3.42577 0 0 1.44344 0 0 0 0 0 0 1 0 0 0 0 6.2263 0 
0 0 2.86068 0 0 0 0 7.96426 0 0 0 0 0 0 0 0 0 0 0 0 -3.10327 -4.79076 0 0 1 0 0 0 0 0 
0 0 0 0 0 0 0 0 0 0 0 0 0 0 0 0 0 0 0 0 6.15491 -4.64517 0 0 0 1 0 0 0 0 
0 0 -4.03371 5.23109 0 0 0 0 0 -0.141853 0 0 0 0 0 0 0 0 0 0 0 0 -3.65164 0 0 0 1 0 0 0 
0 0 0 0 3.77543 0 0 0 0 0 0 0 0 0 0 0 0 0 0 0 0 5.9023 0 0 0 0 0 1 0 0 
0 6.50454 0 0 0 0 0 0 0 0 -9.35149 0 0 0 0 0 0 0 1.29262 0 0 0 0 6.2263 0 0 0 0 1 0 
0 0 0 0 0 0 0 0.422609 -4.98358 0 5.03261 0 1.88574 0 0 0 -9.19909 0 0 0 0 0 0 0 0 0 0 0 0 1 
]

